Client_T1_1_OPENGL_1280x720_L100_C0.txt
1688.7
85.5863
101.691
102.14
95.89
109.144
100
100
86.4215
100.439
91.4827
90.9091
96.6114
101.887
96.9054
93.6657
94.8145
96.9537
97.1574
100
94.0756
100
90.9091
96.321
96.7792
97.228
97.8159
92.3829
100.221
93.4592
93.008
106.414
125
117.749
126.481
117.386
112.468
111.298
104.266
111.111
105.316
100.524
91.5279
100
94.4913
91.1076
100
91.602
94.4645
91.6019
95.2232
92.4793
91.9773
104.705
92.9716
84.6571
88.3256
90.9305
62.718
63.1973
63.0982
63.5728
64.691
63.3622
66.9211
