6.27514
6.29894
6.32515
6.27837
6.28312
6.32245
6.29139
6.29063
6.32704
6.81414
5.67585
5.18193
7.06246
6.4175
5.53435
5.57931
7.59096
5.78236
5.79437
6.02686
7.35435
5.76333
5.74289
6.5363
6.63666
5.75725
5.73522
7.72535
5.75118
5.65221
6.2542
7.55561
5.751
5.77304
6.14291
8.16719
6.60905
6.39902
5.8509
6.57949
8.20864
5.99724
5.77268
5.77036
6.27697
8.07134
5.78705
5.79562
5.77055
6.76605
7.12722
5.76754
5.75939
5.78082
7.89495
6.28008
5.76138
5.79716
5.75709
8.88469
5.7545
5.74159
5.78375
6.70272
7.32601
5.76145
5.72742
5.86544
8.63138
5.70893
5.7633
5.72395
8.33688
5.96577
5.74795
5.73623
7.21781
6.70105
5.76584
5.77765
5.75132
8.9332
5.7519
5.73071
5.75522
7.8328
6.26058
5.70437
5.7693
7.11978
6.81742
5.80611
5.80457
5.98415
8.94274
5.80054
6.11357
6.32334
8.7127
5.95731
5.74026
5.75562
6.38402
7.65358
5.78814
5.78395
5.75977
8.6153
5.78794
5.75579
5.76334
7.7982
6.27741
5.76143
5.72624
7.12422
7.49426
