6.10491
5.73865
4.17645
4.67582
4.45041
4.74299
4.08748
5.59539
5.07947
4.83896
5.0611
6.43266
4.85551
4.70534
4.67972
5.76484
5.60701
4.7038
4.68006
6.12367
4.67531
4.67831
6.15915
4.67656
4.68844
6.20567
4.67346
4.66491
6.34237
4.68634
4.67493
6.38084
4.67691
4.67406
6.57281
4.68582
5.45952
5.43556
4.69818
6.67369
4.65129
4.64265
6.5866
4.68246
5.64185
5.30142
4.67528
6.5427
4.64629
4.65427
6.45873
4.66751
4.63342
6.33133
4.685
4.6689
6.31182
4.67746
4.65725
6.21314
4.67396
4.64709
6.10033
4.63187
4.63831
5.91531
4.6608
4.68003
5.95953
4.68459
4.66935
5.85617
4.67685
4.74078
5.71902
4.67764
4.65497
5.62376
4.65986
4.6878
4.7288
5.73627
4.66355
4.68869
4.69844
5.70759
4.70114
4.67477
4.69019
5.67452
4.67936
4.68157
4.65449
5.70083
4.6583
4.67224
4.64724
5.60141
4.67627
