Server_T1_1_VULKAN_1920x1080_L500_C1.txt
6.04574
6.47767
6.65105
7.26174
6.66956
6.76526
5.76202
5.31027
5.28704
6.09982
5.33181
6.23257
6.62298
6.60058
6.79796
5.6977
5.78556
6.27681
5.78125
6.2989
5.87477
5.73747
6.49374
5.77593
6.46539
5.79289
5.98017
6.7473
5.78596
5.77576
6.91054
5.7936
5.80763
6.87526
5.79039
5.76
6.90742
5.76873
5.79238
6.86936
5.77743
5.74544
6.90541
5.77884
5.7608
6.92667
5.76641
5.79392
6.86933
5.78281
5.77352
6.85179
5.88933
5.78662
6.69628
5.92125
5.77732
6.7065
5.90984
5.80236
6.77595
5.82718
6.30398
7.58131
5.93646
5.80487
6.25653
6.38052
5.79919
6.08708
6.54265
5.76918
5.92386
6.69275
6.07532
5.91504
7.00648
5.91198
5.87968
7.05468
5.77659
5.77332
6.92394
5.79681
5.77612
6.95909
5.8213
5.83448
7.22901
5.94293
