Server_T0_1_VULKAN_1920x1080_L100_C1.txt
4.9356
5.29635
4.21124
5.22425
4.2781
4.18156
5.08459
5.51526
5.00664
5.7568
5.49448
5.76554
4.53007
5.11889
4.51911
4.59274
5.24055
4.71883
4.5785
4.51347
4.9369
4.8456
4.58849
4.58924
5.35174
4.55712
4.53318
4.52788
5.36814
4.50579
4.53236
5.36577
4.54903
4.5562
5.34415
4.64674
4.55133
5.35938
4.58307
4.52911
5.40816
4.53361
4.52942
5.63569
5.38748
5.18401
6.67847
5.62923
4.77513
5.55812
4.77476
4.59123
5.20131
4.80158
4.57932
4.55605
5.36088
4.52644
4.50243
5.36705
4.4891
4.72171
5.43894
4.79529
4.53538
5.12184
4.65874
4.54198
4.54235
5.29612
4.51553
4.53445
4.55416
5.25819
4.54995
4.54352
4.614
5.8978
4.70571
4.79413
