Client.txt
1019.49
76.9232
142.857
142.857
142.858
142.857
142.857
142.857
142.857
142.857
142.857
142.857
142.857
142.857
142.857
142.857
142.857
142.857
142.857
142.857
125
142.857
142.857
142.859
142.857
142.857
142.857
142.857
166.667
142.857
142.857
142.857
142.857
142.857
142.857
142.857
166.667
142.857
166.667
Client.txt
166.667
142.857
142.857
142.857
142.857
142.857
142.857
143.694
143.289
142.857
142.859
143.139
144.514
166.669
142.857
142.857
142.857
142.857
142.857
142.857
142.857
142.857
142.857
142.857
142.857
142.857
142.857
166.667
142.885
142.858
142.857
142.857
142.857
Client.txt
5.78808e-07
19.252
19.6079
19.4241
19.4617
20.5103
20.1158
20.2277
19.7907
19.4501
19.3827
19.2663
19.0303
19.3319
19.3135
19.4417
19.2854
19.6544
19.3869
19.3173
19.4023
19.3404
19.6079
19.4294
19.6116
19.6261
19.6756
19.6291
20.5317
18.5351
18.5185
18.5473
18.5222
18.5185
18.2608
18.2448
18.5907
18.7147
18.8791
19.2393
24.1369
27.3824
26.3361
24.0139
22.4587
21.9166
25.1251
33.7244
23.3171
24.0524
22.8618
25.3772
23.2558
21.7615
20.5553
21.5603
21.7396
23.3987
27.156
24.3903
24.0365
22.7273
21.498
21.009
22.9604
1000
Client.txt
5.81332e-07
20.5653
26.3158
Client.txt
5.79846e-07
21.4167
21.816
22.2501
21.7443
21.419
21.2766
20.9587
21.3047
20.8516
21.1484
20.5507
20.8649
20.86
21.5227
21.3176
20.4206
20.9538
20.8386
21.637
22.2993
21.9265
20.4342
20.0377
19.6395
20.2096
19.6079
19.7106
20.988
21.4639
22.2768
22.2301
27.0271
30.6641
27.7813
28.5715
27.0565
24.1097
21.7456
20.9435
20.9693
20.8333
21.0503
31.25
Client.txt
5.79553e-07
20.8333
20.8786
20.4082
21.313
21.0972
21.0886
20.657
20.2787
20.4311
20.0343
20.2015
20.8336
20.4112
20.6461
20.623
20.5874
20.5624
21.8969
20.6218
20.8876
20.4176
20.0315
Client.txt
5.81391e-07
21.9711
21.9679
22.3743
22.0966
21.2843
22.2527
20.0638
20.6394
19.4509
21.7873
23.4172
22.7715
22.7281
21.7391
22.7757
23.0391
22.2756
22.9529
24.121
21.5197
20.8385
20.6015
22.2356
21.8277
22.2616
22.7435
22.4033
22.4469
22.0919
23.2587
22.0412
21.9368
22.8291
22.2397
22.2222
21.8188
21.291
20.2512
20.4338
23.2558
Client.txt
5.78639e-07
20.1919
20.5866
21.0307
20.9259
21.2766
20.8333
66.6667
Client.txt
5.7767e-07
24.4988
26.0114
25.0292
25.6982
24.5648
166.667
Client.txt
326037
38.5671
24.8086
24.6896
24.4888
24.0313
23.8095
24.5964
24.7186
23.5959
24.3903
24.0002
23.8493
23.4913
23.3363
23.3138
23.2614
23.8096
24.1734
23.5908
23.0552
22.6379
22.9565
23.3234
23.263
22.9751
22.8667
23.5276
23.8521
23.845
23.9996
23.9417
23.0934
23.8948
23.8432
24.4158
24.4451
24.0548
24.1856
24.5024
24.3903
Client.txt
326037
38.4616
24.489
25
25.6606
24.0545
200
Client.txt
5.02255e+159
37.0536
24.5067
26.0067
27.304
25.9632
26.4385
26.3843
27.0308
27.0711
27.2909
27.0555
27.7778
25.6526
26.3158
25.9995
26.3158
25.7229
27.7778
29.4118
27.0788
25.4054
25
23.2697
24.5402
23.6121
22.9744
24.039
25
26.9014
26.4976
27.3192
25.8164
27.3856
27.9572
25.3807
25.3495
26.3214
27.027
28.1502
27.0271
26.3158
25.2254
24.7356
23.8095
23.2558
23.4821
23.8898
24.7416
25.3081
24.3903
23.652
24.5065
24.3903
23.554
24.5972
25.7163
90.9092
Client.txt
326037
42.0882
24.5701
25.2462
24.5926
24.3903
25.0443
24.8071
25.5129
25.0216
25
25.4026
24.7074
25.04
24.459
24.3903
24.8447
25.1337
25.8606
25.0256
24.8184
25
24.7109
24.4472
23.9833
Client.txt
5.02255e+159
38.6331
25.1265
25.7449
25.9082
26.3895
25.9549
27.0271
25.8599
26.5736
25.4129
26.5574
25.797
25.2243
25.871
25.6411
25.9808
25.2065
26.7722
25.8787
26.0689
26.0273
25.6853
25
25.8218
47.6191
Client.txt
9.59824e+212
43.8481
24.6615
90.9092
Client.txt
326037
38.8666
24.5829
25.641
25.6411
Client.txt
42.2831
58.8236
Client.txt
326037
45.744
26.063
25.7544
26.3606
27.7778
25.6411
25.0024
26.5261
25.6732
25.6411
26.3158
