58.8236
58.8236
55.6072
58.8236
58.8236
58.8236
58.8236
58.8236
58.8236
58.8236
58.8236
58.8237
55.5556
58.8236
58.8237
58.8236
58.8236
55.5556
62.5001
58.8236
55.5556
58.8236
62.5001
55.5556
62.5001
58.8236
55.8006
58.8236
58.8236
55.6995
Client_T0_3_OPENGL_640x480_L10_C1.txt
3.34433e+214
125
62.5001
62.5001
200
166.667
200
200
166.667
200
167.125
200
200
200
200
167.758
200
200
166.667
200
200
200
200
200
166.667
200
200
90.9093
58.8236
58.8236
62.5001
90.9091
200
166.667
200
200
200
200
166.667
200
200
200
200
166.667
200
