Client_T1_3_VULKAN_1920x1080_L1000_C1.txt
3.34433e+214
2107.73
333.719
376.216
402.429
416.172
434.663
429.873
440.401
433.628
100
111.111
111.111
100
111.111
236.458
409.745
409.823
406.836
401.299
410.822
428.097
406.755
417.971
416.075
423.752
434.552
431.762
427.118
441.269
436.527
437.938
438.48
436.39
440.232
441.337
437.973
438.415
434.057
441.964
436.006
435.776
433.444
500
Client_T1_3_VULKAN_1920x1080_L1000_C1.txt
3.34433e+214
2550.03
404.565
431.062
423.774
426.631
424.645
419.046
417.605
415.565
421.643
413.519
213.348
333.333
500.001
500
333.334
500.001
500.001
500.001
