Client_T1_3_VULKAN_640x480_L1000_C1.txt
3.34433e+214
1378.79
500
76.9231
76.9232
76.9231
88.9011
90.4535
92.4068
94.3941
97.3602
98.3481
98.2994
94.2205
100.598
97.9851
98.7165
97.0635
92.8318
91.8876
88.6646
81.4111
85.2119
74.5528
73.5927
72.6138
72.378
72.6544
71.0222
73.4545
74.6689
71.8001
73.3931
72.7706
73.4779
74.2539
77.1754
75.0571
74.8865
75.2491
75.4935
75.0425
73.5875
75.8474
73.6367
73.1704
76.9231
75.359
73.4625
73.6007
75.1145
74.8944
72.3485
74.3855
74.6218
73.5556
72.6012
1000
