Client_T0_3_OPENGL_640x480_L10_C1.txt
3.34433e+214
166.667
58.8236
58.8236
58.8235
58.8236
55.5556
58.8235
58.8235
58.8236
58.8235
58.8235
58.8236
58.8236
55.5556
58.8236
58.8235
58.8236
58.8235
55.5556
58.8235
58.8236
58.8235
58.8235
58.8235
58.8236
58.8236
58.8236
58.8236
55.5615
62.5001
55.5556
90.9091
Client_T0_3_OPENGL_640x480_L10_C1.txt
142.857
58.8236
62.5
200
200
166.667
200
166.667
200
166.667
200
200
200
200
166.667
200
166.667
200
200
200
200
166.667
200
200
200
167.157
83.3333
58.8236
58.8236
62.5
100
200
200
166.667
200
200
200
200
166.667
200
200
200
166.667
125
71.4286
