Server_T0_3_VULKAN_1920x1080_L200_C1.txt
0.811895
0.651506
0.693196
0.687474
0.685941
0.679034
0.678806
0.684875
0.679146
0.689751
0.697926
0.681898
0.691108
0.694835
0.684313
0.687502
0.683284
0.690285
0.693144
0.686347
0.681775
0.682919
0.696055
0.688238
0.695426
0.70282
0.683457
0.705105
0.685082
0.692667
0.698499
0.691339
0.683211
0.692833
0.683368
0.684107
0.707801
0.684403
0.678529
0.704093
0.685781
0.684977
0.689736
0.687584
0.710737
0.680021
0.697403
0.68241
0.685318
0.684961
0.682829
0.667842
