Server_T1_3_VULKAN_640x480_L1000_C1.txt
0.387538
0.249587
0.184468
0.18274
0.183682
0.185079
0.183364
0.183009
0.183153
0.182326
0.184454
0.18114
0.182984
0.180714
0.181111
0.182709
0.180159
0.181373
0.182558
0.183395
0.183544
0.182723
0.182474
0.181992
0.180802
0.184792
0.180803
0.181794
0.181013
0.181843
0.180126
0.181439
0.18105
0.18143
0.18044
0.180321
0.179934
0.180511
0.18039
0.1813
0.180739
0.18022
0.180931
0.179976
0.180395
0.180445
0.181504
0.180472
0.179614
0.18221
0.181209
0.180339
0.181051
0.181066
0.181038
0.183682
0.181175
0.18126
0.167116
